[[[360, 48, 90],
  [64, 229, 59],
  [14, 10, 83],
  [15, 106, 11]],

 [[86, 101, 48],
  [58, 170, 60],
  [28, 17, 177],
  [37, 223, 74]],

 [[183, 201, 183],
  [3, 103, 1],
  [137, 418, 26],
  [346, 33, 39]],

 [[176, 40, 7],
  [62, 70, 140],
  [125, 118, 383],
  [35, 64, 38]],

 [[23, 8, 39],
  [96, 64, 27],
  [39, 126, 49],
  [320, 0, 4]],

 [[19, 116, 506],
  [14, 7, 230],
  [5, 63, 155],
  [56, 129, 43]],

 [[16, 54, 21],
  [113, 98, 84],
  [62, 61, 171],
  [33, 177, 9]]]
+
[[[3, 228, 148],
  [88, 107, 13],
  [78, 232, 21],
  [98, 84, 262],
  [334, 129, 208],
  [86, 73, 133]],

 [[25, 330, 160],
  [249, 70, 42],
  [5, 29, 137],
  [119, 113, 60],
  [56, 12, 56],
  [214, 8, 67]],

 [[132, 12, 124],
  [139, 247, 231],
  [287, 223, 10],
  [110, 87, 0],
  [222, 27, 153],
  [81, 67, 115]],

 [[3, 342, 27],
  [24, 34, 28],
  [79, 322, 14],
  [233, 19, 132],
  [70, 26, 35],
  [212, 51, 141]]]
+
[[[0, 0, 0],
  [30, 2, 7],
  [0, 0, 1],
  [1, 1, 7],
  [3, 1, 13],
  ...,
  [4, 4, 4],
  [0, 0, 1],
  [6, 0, 50],
  [21, 25, 12],
  [1, 0, 10]],

 [[0, 0, 0],
  [59, 10, 26],
  [0, 0, 0],
  [0, 7, 8],
  [0, 0, 12],
  ...,
  [2, 4, 3],
  [0, 0, 0],
  [70, 25, 6],
  [2, 5, 28],
  [1, 35, 5]],

 [[0, 0, 1],
  [70, 51, 15],
  [0, 0, 1],
  [2, 0, 0],
  [9, 60, 9],
  ...,
  [1, 2, 6],
  [0, 0, 0],
  [54, 14, 19],
  [1, 3, 25],
  [24, 5, 15]],

 [[0, 0, 0],
  [28, 8, 2],
  [0, 1, 0],
  [2, 4, 4],
  [16, 54, 3],
  ...,
  [3, 0, 1],
  [0, 0, 2],
  [64, 4, 31],
  [9, 21, 15],
  [35, 29, 21]],

 [[0, 0, 0],
  [33, 7, 25],
  [0, 0, 1],
  [23, 10, 6],
  [2, 16, 36],
  ...,
  [11, 31, 5],
  [1, 0, 0],
  [34, 51, 7],
  [0, 3, 1],
  [13, 54, 7]],

 [[0, 0, 0],
  [7, 19, 30],
  [0, 1, 0],
  [5, 16, 1],
  [52, 4, 5],
  ...,
  [14, 13, 10],
  [0, 1, 1],
  [83, 1, 5],
  [2, 0, 29],
  [4, 46, 55]]]