[[[529]]]
+
[[[207],
  [192],
  [130]]]
+
[[[0],
  [0],
  [1],
  [1],
  [2],
  [0],
  [0],
  [0],
  [8],
  [0],
  [0],
  [0],
  [2],
  [0],
  [0],
  [1],
  [4],
  [0],
  [1],
  [0],
  [5],
  [0],
  [32],
  [1],
  [7],
  [0],
  [0],
  [1],
  [0],
  [1],
  [2],
  [138],
  [0],
  [0],
  [0]],

 [[0],
  [1],
  [0],
  [1],
  [0],
  [0],
  [1],
  [1],
  [11],
  [0],
  [16],
  [0],
  [0],
  [1],
  [1],
  [0],
  [19],
  [0],
  [0],
  [0],
  [2],
  [1],
  [56],
  [2],
  [5],
  [3],
  [0],
  [1],
  [3],
  [0],
  [1],
  [65],
  [0],
  [1],
  [0]],

 [[5],
  [0],
  [1],
  [2],
  [0],
  [2],
  [0],
  [2],
  [11],
  [2],
  [14],
  [0],
  [0],
  [0],
  [0],
  [0],
  [6],
  [6],
  [0],
  [1],
  [5],
  [0],
  [33],
  [0],
  [0],
  [0],
  [0],
  [0],
  [0],
  [0],
  [2],
  [33],
  [2],
  [0],
  [3]]]