[[[1355]]]
+
[[[341],
  [653],
  [361]]]
+
[[[2],
  [9],
  [4],
  [22],
  [0],
  [0],
  [2],
  [0],
  [4],
  [0],
  [0],
  [0],
  [3],
  [7],
  [3],
  [7],
  [62],
  [2],
  [13],
  [5],
  [17],
  [9],
  [18],
  [5],
  [50],
  [9],
  [2],
  [11],
  [4],
  [6],
  [19],
  [41],
  [4],
  [0],
  [1]],

 [[54],
  [2],
  [0],
  [4],
  [23],
  [21],
  [0],
  [22],
  [3],
  [2],
  [11],
  [0],
  [21],
  [3],
  [3],
  [21],
  [67],
  [34],
  [3],
  [0],
  [33],
  [5],
  [7],
  [11],
  [174],
  [25],
  [4],
  [0],
  [15],
  [1],
  [5],
  [59],
  [0],
  [7],
  [13]],

 [[12],
  [0],
  [13],
  [2],
  [0],
  [3],
  [0],
  [13],
  [0],
  [11],
  [4],
  [6],
  [7],
  [7],
  [6],
  [7],
  [37],
  [104],
  [9],
  [4],
  [24],
  [0],
  [3],
  [1],
  [24],
  [0],
  [0],
  [10],
  [9],
  [0],
  [6],
  [18],
  [15],
  [1],
  [5]]]