[[[959]]]
+
[[[352],
  [443],
  [164]]]
+
[[[13],
  [0],
  [0],
  [7],
  [3],
  [0],
  [0],
  [0],
  [3],
  [0],
  [0],
  [4],
  [0],
  [3],
  [8],
  [1],
  [67],
  [10],
  [3],
  [4],
  [26],
  [0],
  [8],
  [0],
  [130],
  [21],
  [0],
  [11],
  [7],
  [2],
  [1],
  [17],
  [3],
  [0],
  [0]],

 [[11],
  [4],
  [2],
  [10],
  [2],
  [6],
  [2],
  [12],
  [4],
  [0],
  [0],
  [0],
  [3],
  [3],
  [4],
  [11],
  [31],
  [29],
  [11],
  [4],
  [23],
  [9],
  [2],
  [2],
  [189],
  [7],
  [5],
  [5],
  [12],
  [2],
  [14],
  [21],
  [3],
  [0],
  [0]],

 [[0],
  [4],
  [6],
  [3],
  [1],
  [2],
  [1],
  [0],
  [0],
  [5],
  [5],
  [0],
  [7],
  [0],
  [0],
  [3],
  [0],
  [51],
  [0],
  [0],
  [6],
  [0],
  [0],
  [4],
  [2],
  [5],
  [0],
  [3],
  [12],
  [1],
  [0],
  [28],
  [4],
  [4],
  [7]]]