[[[529]]]
+
[[[324],
  [166],
  [39]]]
+
[[[1],
  [0],
  [0],
  [0],
  [0],
  [0],
  [0],
  [0],
  [27],
  [0],
  [0],
  [0],
  [2],
  [1],
  [1],
  [0],
  [8],
  [4],
  [0],
  [0],
  [10],
  [0],
  [103],
  [3],
  [10],
  [0],
  [0],
  [1],
  [2],
  [1],
  [4],
  [143],
  [0],
  [0],
  [3]],

 [[4],
  [0],
  [0],
  [4],
  [2],
  [0],
  [1],
  [0],
  [1],
  [0],
  [24],
  [0],
  [0],
  [0],
  [0],
  [1],
  [21],
  [0],
  [0],
  [1],
  [1],
  [1],
  [3],
  [0],
  [2],
  [3],
  [0],
  [1],
  [1],
  [0],
  [1],
  [93],
  [0],
  [1],
  [0]],

 [[0],
  [1],
  [2],
  [0],
  [0],
  [2],
  [0],
  [3],
  [2],
  [2],
  [6],
  [0],
  [0],
  [0],
  [0],
  [0],
  [0],
  [2],
  [1],
  [0],
  [1],
  [0],
  [15],
  [0],
  [0],
  [0],
  [0],
  [0],
  [0],
  [0],
  [0],
  [0],
  [2],
  [0],
  [0]]]