[[[0, 46, 0],
  [121, 0, 0],
  [125, 45, 0],
  [250, 0, 25]],

 [[125, 0, 22],
  [1250, 74, 0],
  [1463, 0, 0],
  [0, 0, 3]],

 [[122, 0, 0],
  [1000, 0, 16],
  [125, 64, 0],
  [250, 72, 0]],

 [[207, 0, 0],
  [0, 0, 9],
  [375, 0, 23],
  [500, 60, 0]],

 [[207, 0, 0],
  [0, 70, 0],
  [79, 0, 0],
  [0, 51, 0]],

 [[209, 0, 0],
  [0, 48, 0],
  [125, 0, 35],
  [369, 0, 0]],

 [[0, 0, 0],
  [0, 0, 9],
  [0, 0, 18],
  [500, 44, 0]]]
+
[[[362, 85, 0],
  [0, 58, 0],
  [137, 0, 0],
  [0, 71, 0],
  [175, 0, 0],
  [0, 50, 0]],

 [[905, 0, 5],
  [181, 97, 0],
  [362, 0, 2],
  [362, 74, 0],
  [498, 0, 0],
  [0, 111, 0]],

 [[181, 108, 0],
  [312, 0, 0],
  [663, 0, 0],
  [181, 67, 0],
  [362, 69, 0],
  [534, 0, 0]],

 [[181, 106, 0],
  [724, 0, 3],
  [0, 28, 0],
  [181, 100, 0],
  [0, 81, 0],
  [720, 0, 0]]]
+
[[[0, 0, 0],
  [0, 54, 0],
  [0, 0, 0],
  [0, 0, 37],
  [0, 0, 20],
  [0, 0, 5],
  [0, 0, 16],
  [0, 0, 0],
  [0, 0, 35],
  [0, 0, 10],
  [0, 78, 0],
  [0, 0, 2],
  [0, 0, 4],
  [0, 0, 9],
  [0, 0, 29],
  [500, 0, 33],
  [0, 42, 0],
  [0, 0, 1],
  [0, 0, 0],
  [112, 0, 0],
  [471, 0, 0],
  [0, 0, 0],
  [0, 0, 2],
  [0, 0, 1],
  [0, 0, 0],
  [0, 0, 19],
  [0, 0, 6],
  [0, 0, 9],
  [125, 0, 25],
  [0, 0, 2],
  [0, 45, 0],
  [0, 0, 22],
  [0, 0, 3],
  [120, 0, 0],
  [96, 0, 0],
  [0, 0, 0]],

 [[0, 0, 0],
  [0, 0, 6],
  [0, 0, 0],
  [0, 0, 1],
  [0, 59, 0],
  [0, 0, 1],
  [0, 0, 10],
  [0, 0, 0],
  [115, 0, 0],
  [0, 0, 22],
  [0, 0, 20],
  [0, 78, 0],
  [0, 0, 8],
  [0, 0, 12],
  [0, 0, 12],
  [113, 0, 0],
  [466, 0, 0],
  [0, 0, 0],
  [0, 0, 1],
  [0, 0, 27],
  [125, 0, 5],
  [0, 0, 4],
  [0, 0, 0],
  [0, 0, 1],
  [0, 0, 0],
  [0, 0, 24],
  [0, 0, 2],
  [0, 0, 18],
  [0, 0, 3],
  [0, 0, 1],
  [98, 0, 0],
  [0, 0, 3],
  [0, 0, 0],
  [0, 0, 29],
  [0, 41, 0],
  [0, 70, 0]],

 [[0, 0, 1],
  [124, 0, 0],
  [0, 0, 2],
  [0, 0, 13],
  [90, 0, 0],
  [0, 0, 3],
  [0, 59, 0],
  [0, 0, 1],
  [0, 44, 0],
  [0, 0, 29],
  [0, 0, 24],
  [0, 0, 35],
  [0, 0, 35],
  [0, 48, 0],
  [0, 0, 1],
  [209, 0, 0],
  [0, 49, 0],
  [0, 0, 0],
  [0, 0, 1],
  [0, 42, 0],
  [0, 72, 0],
  [0, 0, 0],
  [0, 0, 0],
  [0, 0, 0],
  [0, 0, 4],
  [0, 0, 35],
  [0, 0, 0],
  [0, 78, 0],
  [0, 0, 20],
  [0, 0, 0],
  [0, 44, 0],
  [0, 0, 0],
  [0, 0, 0],
  [112, 0, 0],
  [0, 0, 3],
  [0, 0, 14]],

 [[0, 0, 0],
  [0, 0, 23],
  [0, 0, 2],
  [0, 0, 9],
  [108, 0, 0],
  [0, 0, 2],
  [0, 58, 0],
  [0, 0, 1],
  [125, 55, 0],
  [0, 0, 10],
  [0, 0, 38],
  [0, 0, 38],
  [0, 0, 5],
  [0, 0, 7],
  [0, 0, 2],
  [0, 0, 17],
  [0, 0, 8],
  [0, 0, 1],
  [0, 0, 1],
  [0, 0, 38],
  [125, 0, 6],
  [0, 0, 3],
  [0, 0, 0],
  [0, 0, 1],
  [0, 0, 0],
  [0, 53, 0],
  [0, 0, 10],
  [0, 0, 36],
  [125, 0, 0],
  [0, 0, 1],
  [0, 0, 26],
  [0, 0, 1],
  [0, 0, 0],
  [0, 59, 0],
  [0, 0, 12],
  [0, 0, 30]],

 [[0, 0, 0],
  [0, 0, 1],
  [0, 0, 1],
  [0, 0, 32],
  [0, 0, 12],
  [0, 0, 3],
  [0, 50, 0],
  [0, 0, 2],
  [0, 0, 0],
  [0, 0, 3],
  [0, 0, 1],
  [0, 0, 34],
  [0, 0, 25],
  [0, 0, 14],
  [85, 0, 0],
  [81, 0, 0],
  [0, 46, 0],
  [0, 0, 0],
  [0, 0, 0],
  [0, 0, 5],
  [250, 0, 14],
  [0, 0, 0],
  [0, 0, 4],
  [0, 0, 0],
  [0, 0, 2],
  [0, 44, 0],
  [0, 0, 6],
  [0, 0, 18],
  [0, 42, 0],
  [0, 0, 1],
  [209, 0, 0],
  [0, 65, 0],
  [0, 0, 2],
  [86, 0, 0],
  [0, 47, 0],
  [0, 0, 0]],

 [[0, 0, 0],
  [221, 0, 0],
  [0, 0, 0],
  [0, 0, 5],
  [0, 0, 6],
  [0, 0, 1],
  [0, 77, 0],
  [0, 0, 0],
  [0, 0, 0],
  [0, 0, 2],
  [84, 0, 0],
  [103, 0, 0],
  [0, 0, 0],
  [0, 0, 7],
  [0, 0, 7],
  [0, 0, 4],
  [218, 0, 0],
  [0, 0, 0],
  [0, 0, 0],
  [0, 0, 19],
  [125, 0, 20],
  [0, 0, 1],
  [0, 0, 1],
  [0, 0, 1],
  [0, 0, 0],
  [0, 0, 31],
  [0, 0, 6],
  [0, 0, 14],
  [0, 0, 2],
  [0, 0, 1],
  [0, 64, 0],
  [0, 0, 27],
  [0, 0, 1],
  [118, 0, 0],
  [0, 0, 3],
  [246, 0, 0]]]