[[[959]]]
+
[[[287],
  [524],
  [148]]]
+
[[[7],
  [8],
  [7],
  [8],
  [3],
  [0],
  [2],
  [0],
  [7],
  [3],
  [4],
  [1],
  [5],
  [2],
  [0],
  [3],
  [24],
  [29],
  [8],
  [2],
  [15],
  [5],
  [5],
  [1],
  [44],
  [13],
  [5],
  [14],
  [21],
  [5],
  [1],
  [30],
  [0],
  [1],
  [4]],

 [[12],
  [0],
  [1],
  [6],
  [0],
  [0],
  [1],
  [9],
  [0],
  [0],
  [0],
  [3],
  [4],
  [4],
  [7],
  [1],
  [59],
  [42],
  [1],
  [5],
  [19],
  [3],
  [0],
  [0],
  [270],
  [13],
  [0],
  [5],
  [10],
  [0],
  [11],
  [30],
  [5],
  [1],
  [2]],

 [[5],
  [0],
  [0],
  [6],
  [3],
  [8],
  [0],
  [3],
  [0],
  [2],
  [1],
  [0],
  [1],
  [0],
  [5],
  [11],
  [15],
  [19],
  [5],
  [1],
  [21],
  [1],
  [5],
  [5],
  [7],
  [7],
  [0],
  [0],
  [0],
  [0],
  [3],
  [6],
  [5],
  [2],
  [1]]]