[[[76, 56, 32],
  [30, 0, 67],
  [62, 360, 39],
  [38, 92, 288]],

 [[163, 22, 29],
  [70, 96, 132],
  [57, 32, 30],
  [265, 180, 21]],

 [[5, 350, 110],
  [38, 139, 102],
  [125, 171, 486],
  [112, 12, 1]],

 [[49, 4, 2],
  [31, 11, 6],
  [124, 26, 11],
  [43, 96, 175]],

 [[11, 86, 151],
  [58, 53, 35],
  [47, 32, 47],
  [83, 104, 17]],

 [[1, 40, 86],
  [27, 55, 13],
  [241, 33, 15],
  [44, 68, 0]],

 [[39, 68, 8],
  [186, 243, 107],
  [87, 28, 30],
  [11, 90, 75]]]
+
[[[11, 159, 152],
  [177, 9, 209],
  [123, 45, 180],
  [52, 61, 29],
  [11, 41, 27],
  [46, 21, 35]],

 [[165, 10, 15],
  [277, 148, 9],
  [229, 54, 0],
  [56, 42, 49],
  [47, 49, 57],
  [133, 152, 7]],

 [[50, 310, 135],
  [39, 19, 43],
  [57, 149, 48],
  [139, 206, 38],
  [273, 81, 141],
  [12, 210, 133]],

 [[17, 143, 27],
  [96, 113, 11],
  [31, 80, 112],
  [62, 193, 16],
  [16, 16, 411],
  [65, 327, 79]]]
+
[[[0, 0, 0],
  [26, 9, 2],
  [3, 0, 0],
  [14, 2, 6],
  [5, 1, 3],
  ...,
  [8, 10, 3],
  [0, 5, 0],
  [61, 1, 11],
  [8, 1, 6],
  [17, 4, 18]],

 [[0, 0, 1],
  [53, 0, 12],
  [0, 0, 0],
  [11, 8, 6],
  [0, 5, 2],
  ...,
  [0, 0, 4],
  [3, 0, 0],
  [23, 1, 36],
  [0, 0, 5],
  [0, 2, 1]],

 [[0, 0, 0],
  [1, 0, 0],
  [0, 0, 1],
  [0, 7, 6],
  [8, 1, 2],
  ...,
  [7, 1, 0],
  [0, 0, 0],
  [4, 0, 4],
  [6, 7, 0],
  [5, 1, 4]],

 [[0, 0, 0],
  [15, 11, 29],
  [3, 1, 0],
  [4, 34, 27],
  [2, 14, 1],
  ...,
  [4, 1, 2],
  [4, 1, 0],
  [56, 2, 11],
  [5, 1, 7],
  [8, 4, 6]],

 [[0, 0, 1],
  [30, 5, 3],
  [0, 1, 0],
  [19, 0, 0],
  [0, 0, 5],
  ...,
  [3, 2, 8],
  [0, 1, 2],
  [30, 0, 19],
  [1, 23, 6],
  [2, 3, 31]],

 [[0, 0, 0],
  [5, 18, 27],
  [0, 0, 0],
  [0, 7, 4],
  [13, 4, 2],
  ...,
  [1, 10, 19],
  [1, 3, 1],
  [67, 30, 6],
  [7, 7, 4],
  [1, 8, 99]]]