[[[113, 0, 0],
  [0, 0, 12],
  [125, 69, 0],
  [0, 0, 25]],

 [[0, 42, 0],
  [0, 0, 5],
  [228, 0, 0],
  [0, 0, 27]],

 [[0, 59, 0],
  [124, 0, 0],
  [125, 0, 20],
  [117, 0, 0]],

 [[0, 0, 1],
  [250, 0, 23],
  [82, 0, 0],
  [0, 0, 9]],

 [[0, 0, 27],
  [0, 0, 26],
  [0, 53, 0],
  [0, 56, 0]],

 [[0, 70, 0],
  [99, 0, 0],
  [0, 0, 5],
  [0, 40, 0]],

 [[0, 42, 0],
  [0, 0, 35],
  [0, 41, 0],
  [0, 0, 0]]]
+
[[[0, 47, 0],
  [163, 0, 0],
  [0, 55, 0],
  [0, 35, 0],
  [0, 38, 0],
  [0, 0, 16]],

 [[0, 62, 0],
  [0, 0, 4],
  [0, 77, 0],
  [181, 90, 0],
  [0, 68, 0],
  [0, 92, 0]],

 [[0, 47, 0],
  [0, 107, 0],
  [157, 0, 0],
  [0, 78, 0],
  [171, 0, 0],
  [181, 0, 7]],

 [[0, 0, 5],
  [0, 0, 24],
  [0, 86, 0],
  [0, 0, 10],
  [127, 0, 0],
  [0, 0, 22]]]
+
[[[0, 0, 0],
  [0, 0, 17],
  [0, 0, 0],
  [0, 0, 11],
  [0, 0, 5],
  [0, 0, 1],
  [0, 0, 0],
  [0, 0, 1],
  [0, 0, 7],
  [0, 0, 2],
  [0, 0, 1],
  [0, 0, 0],
  [0, 0, 0],
  [0, 0, 13],
  [0, 0, 3],
  [0, 0, 11],
  [0, 0, 2],
  [0, 0, 0],
  [0, 0, 0],
  [0, 0, 0],
  [0, 0, 3],
  [0, 0, 0],
  [0, 0, 1],
  [0, 0, 0],
  [0, 0, 0],
  [0, 0, 15],
  [0, 0, 0],
  [0, 0, 14],
  [0, 0, 3],
  [0, 0, 0],
  [0, 0, 9],
  [0, 0, 2],
  [0, 0, 2],
  [0, 0, 4],
  [0, 0, 5],
  [0, 0, 29]],

 [[0, 0, 0],
  [0, 0, 35],
  [0, 0, 2],
  [0, 0, 1],
  [0, 0, 11],
  [0, 0, 1],
  [0, 0, 7],
  [0, 0, 0],
  [0, 0, 0],
  [0, 0, 3],
  [0, 0, 0],
  [0, 0, 0],
  [0, 0, 0],
  [0, 0, 3],
  [0, 0, 7],
  [0, 0, 36],
  [0, 0, 12],
  [0, 0, 0],
  [0, 0, 0],
  [0, 0, 4],
  [0, 0, 16],
  [0, 0, 0],
  [0, 0, 2],
  [0, 0, 0],
  [0, 0, 1],
  [0, 0, 16],
  [0, 0, 1],
  [0, 0, 13],
  [0, 0, 6],
  [0, 0, 0],
  [0, 0, 25],
  [0, 0, 15],
  [0, 0, 1],
  [0, 67, 0],
  [0, 0, 7],
  [0, 0, 6]],

 [[0, 0, 0],
  [0, 65, 0],
  [0, 0, 2],
  [0, 0, 6],
  [0, 0, 0],
  [0, 0, 3],
  [0, 0, 1],
  [0, 0, 0],
  [0, 0, 33],
  [0, 0, 0],
  [0, 0, 8],
  [0, 0, 24],
  [0, 0, 0],
  [0, 0, 0],
  [0, 0, 14],
  [0, 59, 0],
  [0, 0, 0],
  [0, 0, 0],
  [0, 0, 0],
  [0, 0, 35],
  [0, 41, 0],
  [0, 0, 1],
  [0, 0, 0],
  [0, 0, 0],
  [0, 0, 0],
  [0, 0, 20],
  [0, 0, 4],
  [0, 0, 5],
  [0, 0, 1],
  [0, 0, 1],
  [0, 0, 6],
  [0, 0, 0],
  [0, 0, 6],
  [0, 0, 32],
  [0, 0, 8],
  [0, 0, 0]],

 [[0, 0, 1],
  [0, 0, 1],
  [0, 0, 0],
  [0, 0, 13],
  [0, 0, 8],
  [0, 0, 3],
  [0, 42, 0],
  [0, 0, 0],
  [0, 0, 35],
  [0, 0, 4],
  [0, 0, 0],
  [0, 0, 3],
  [0, 0, 6],
  [0, 0, 13],
  [0, 0, 3],
  [0, 0, 13],
  [0, 0, 7],
  [0, 0, 0],
  [0, 0, 0],
  [0, 0, 5],
  [125, 0, 28],
  [0, 0, 1],
  [0, 0, 0],
  [0, 0, 1],
  [0, 0, 0],
  [0, 0, 12],
  [0, 0, 0],
  [0, 0, 17],
  [0, 0, 0],
  [0, 0, 0],
  [0, 0, 16],
  [0, 0, 25],
  [0, 0, 0],
  [0, 0, 0],
  [0, 0, 9],
  [0, 0, 3]],

 [[0, 0, 0],
  [0, 0, 19],
  [0, 0, 0],
  [0, 0, 9],
  [0, 0, 6],
  [0, 0, 0],
  [0, 0, 7],
  [0, 0, 0],
  [0, 0, 13],
  [0, 0, 0],
  [0, 0, 7],
  [0, 0, 8],
  [0, 0, 0],
  [0, 0, 0],
  [0, 0, 4],
  [96, 0, 0],
  [0, 0, 28],
  [0, 0, 0],
  [0, 0, 0],
  [0, 0, 2],
  [125, 0, 33],
  [0, 0, 0],
  [0, 0, 0],
  [0, 0, 0],
  [0, 0, 0],
  [0, 0, 2],
  [0, 0, 0],
  [0, 0, 0],
  [0, 0, 10],
  [0, 0, 0],
  [0, 0, 16],
  [0, 0, 0],
  [0, 0, 0],
  [0, 0, 3],
  [0, 0, 0],
  [0, 0, 16]],

 [[0, 0, 0],
  [0, 0, 36],
  [0, 0, 0],
  [0, 0, 7],
  [0, 0, 1],
  [0, 0, 0],
  [0, 0, 5],
  [0, 0, 0],
  [0, 0, 0],
  [0, 0, 4],
  [0, 0, 11],
  [0, 0, 18],
  [0, 0, 3],
  [0, 0, 3],
  [0, 0, 1],
  [0, 0, 1],
  [0, 0, 26],
  [0, 0, 1],
  [0, 0, 0],
  [0, 0, 2],
  [84, 0, 0],
  [0, 0, 1],
  [0, 0, 0],
  [0, 0, 0],
  [0, 0, 0],
  [0, 0, 19],
  [0, 0, 5],
  [0, 0, 4],
  [0, 0, 15],
  [0, 0, 0],
  [0, 0, 39],
  [0, 0, 3],
  [0, 0, 0],
  [0, 0, 17],
  [0, 0, 2],
  [0, 0, 10]]]