[[[529]]]
+
[[[307],
  [70],
  [152]]]
+
[[[3],
  [1],
  [0],
  [1],
  [0],
  [0],
  [1],
  [0],
  [2],
  [1],
  [15],
  [0],
  [2],
  [0],
  [0],
  [0],
  [2],
  [0],
  [0],
  [0],
  [3],
  [0],
  [72],
  [0],
  [8],
  [1],
  [0],
  [2],
  [0],
  [1],
  [0],
  [192],
  [0],
  [0],
  [0]],

 [[2],
  [0],
  [0],
  [3],
  [0],
  [0],
  [0],
  [0],
  [0],
  [0],
  [3],
  [0],
  [0],
  [0],
  [0],
  [1],
  [10],
  [0],
  [0],
  [1],
  [3],
  [0],
  [17],
  [0],
  [4],
  [0],
  [0],
  [0],
  [3],
  [0],
  [2],
  [21],
  [0],
  [0],
  [0]],

 [[0],
  [0],
  [2],
  [0],
  [2],
  [2],
  [0],
  [3],
  [28],
  [1],
  [12],
  [0],
  [0],
  [1],
  [1],
  [0],
  [17],
  [6],
  [1],
  [0],
  [6],
  [1],
  [32],
  [3],
  [0],
  [2],
  [0],
  [0],
  [0],
  [0],
  [3],
  [23],
  [2],
  [1],
  [3]]]