[[[375, 45, 0],
  [0, 0, 0],
  [119, 0, 0],
  [0, 62, 0]],

 [[117, 0, 0],
  [875, 46, 0],
  [125, 0, 18],
  [0, 57, 0]],

 [[375, 0, 14],
  [219, 0, 0],
  [125, 0, 12],
  [125, 0, 12]],

 [[250, 41, 0],
  [473, 0, 0],
  [121, 0, 0],
  [250, 45, 0]],

 [[0, 76, 0],
  [0, 0, 5],
  [0, 44, 0],
  [250, 70, 0]],

 [[853, 0, 0],
  [125, 50, 0],
  [0, 41, 0],
  [115, 0, 0]],

 [[125, 0, 38],
  [375, 0, 32],
  [375, 0, 24],
  [250, 0, 36]]]
+
[[[141, 0, 0],
  [1086, 112, 0],
  [0, 70, 0],
  [500, 0, 0],
  [181, 68, 0],
  [151, 0, 0]],

 [[1086, 84, 0],
  [0, 105, 0],
  [181, 108, 0],
  [0, 0, 21],
  [133, 0, 0],
  [482, 0, 0]],

 [[181, 0, 4],
  [0, 76, 0],
  [324, 0, 0],
  [0, 55, 0],
  [181, 103, 0],
  [0, 80, 0]],

 [[0, 83, 0],
  [0, 0, 11],
  [181, 0, 9],
  [181, 85, 0],
  [484, 0, 0],
  [181, 57, 0]]]
+
[[[0, 0, 0],
  [0, 58, 0],
  [0, 0, 2],
  [0, 41, 0],
  [0, 0, 10],
  [0, 0, 1],
  [0, 0, 24],
  [0, 0, 0],
  [115, 0, 0],
  [0, 0, 6],
  [250, 0, 10],
  [0, 48, 0],
  [0, 0, 4],
  [0, 0, 21],
  [0, 0, 7],
  [0, 61, 0],
  [125, 54, 0],
  [0, 0, 0],
  [0, 0, 0],
  [0, 58, 0],
  [250, 65, 0],
  [0, 0, 1],
  [0, 0, 0],
  [0, 0, 2],
  [0, 0, 0],
  [0, 0, 14],
  [0, 0, 0],
  [0, 0, 0],
  [97, 0, 0],
  [0, 0, 3],
  [121, 0, 0],
  [0, 0, 10],
  [0, 0, 12],
  [0, 0, 35],
  [0, 0, 4],
  [0, 70, 0]],

 [[0, 0, 1],
  [0, 0, 11],
  [0, 0, 0],
  [0, 0, 16],
  [0, 0, 14],
  [0, 0, 9],
  [0, 0, 0],
  [0, 0, 1],
  [0, 0, 22],
  [0, 0, 20],
  [93, 0, 0],
  [0, 41, 0],
  [0, 0, 14],
  [0, 44, 0],
  [0, 0, 9],
  [454, 0, 0],
  [250, 53, 0],
  [0, 0, 0],
  [0, 0, 1],
  [0, 0, 39],
  [0, 0, 17],
  [0, 0, 0],
  [0, 0, 1],
  [0, 0, 1],
  [0, 0, 1],
  [0, 0, 22],
  [0, 0, 0],
  [0, 0, 26],
  [110, 0, 0],
  [0, 0, 0],
  [0, 43, 0],
  [0, 0, 5],
  [0, 0, 0],
  [0, 56, 0],
  [0, 0, 10],
  [0, 0, 6]],

 [[0, 0, 0],
  [0, 0, 2],
  [0, 0, 0],
  [0, 77, 0],
  [0, 0, 13],
  [0, 0, 5],
  [0, 41, 0],
  [0, 0, 0],
  [0, 0, 0],
  [0, 0, 12],
  [0, 0, 35],
  [0, 0, 28],
  [0, 0, 4],
  [0, 0, 8],
  [0, 0, 17],
  [0, 0, 16],
  [0, 0, 0],
  [0, 0, 1],
  [0, 0, 0],
  [0, 0, 18],
  [242, 0, 0],
  [0, 0, 3],
  [0, 0, 2],
  [0, 0, 0],
  [0, 0, 0],
  [0, 70, 0],
  [0, 0, 4],
  [0, 0, 5],
  [0, 0, 23],
  [0, 0, 3],
  [116, 0, 0],
  [0, 0, 1],
  [0, 0, 4],
  [0, 49, 0],
  [0, 0, 2],
  [0, 72, 0]],

 [[0, 0, 0],
  [0, 0, 6],
  [0, 0, 5],
  [0, 0, 4],
  [0, 0, 27],
  [0, 0, 4],
  [0, 0, 11],
  [0, 0, 0],
  [0, 71, 0],
  [0, 0, 1],
  [0, 75, 0],
  [0, 0, 7],
  [0, 0, 3],
  [0, 0, 25],
  [0, 0, 10],
  [0, 0, 9],
  [102, 0, 0],
  [0, 0, 2],
  [0, 0, 0],
  [0, 0, 3],
  [0, 0, 39],
  [0, 0, 4],
  [0, 0, 0],
  [0, 0, 3],
  [0, 0, 0],
  [0, 0, 37],
  [0, 0, 14],
  [0, 55, 0],
  [0, 0, 14],
  [0, 0, 1],
  [125, 53, 0],
  [0, 0, 25],
  [0, 0, 0],
  [0, 55, 0],
  [0, 49, 0],
  [0, 0, 3]],

 [[0, 0, 1],
  [125, 0, 1],
  [0, 0, 1],
  [0, 0, 10],
  [0, 0, 4],
  [0, 0, 6],
  [0, 0, 23],
  [0, 0, 0],
  [0, 0, 23],
  [0, 0, 0],
  [0, 0, 11],
  [0, 0, 3],
  [0, 0, 11],
  [0, 0, 9],
  [0, 0, 0],
  [250, 44, 0],
  [125, 68, 0],
  [0, 0, 0],
  [0, 0, 0],
  [0, 41, 0],
  [250, 0, 28],
  [0, 0, 1],
  [0, 0, 0],
  [0, 0, 10],
  [0, 0, 0],
  [0, 0, 2],
  [0, 0, 2],
  [0, 0, 13],
  [0, 0, 7],
  [0, 0, 0],
  [0, 0, 9],
  [0, 0, 12],
  [0, 0, 0],
  [0, 0, 2],
  [0, 0, 13],
  [0, 45, 0]],

 [[0, 0, 0],
  [0, 43, 0],
  [0, 0, 1],
  [0, 0, 7],
  [0, 0, 0],
  [0, 0, 1],
  [0, 0, 12],
  [0, 0, 0],
  [0, 0, 9],
  [0, 0, 28],
  [0, 0, 4],
  [0, 60, 0],
  [0, 0, 11],
  [0, 0, 10],
  [0, 0, 5],
  [98, 0, 0],
  [125, 0, 3],
  [0, 0, 0],
  [0, 0, 0],
  [0, 0, 25],
  [0, 0, 5],
  [0, 0, 0],
  [0, 0, 4],
  [0, 0, 4],
  [0, 0, 1],
  [0, 58, 0],
  [0, 0, 35],
  [0, 56, 0],
  [0, 0, 24],
  [0, 0, 1],
  [87, 0, 0],
  [0, 0, 30],
  [0, 0, 5],
  [125, 40, 0],
  [0, 0, 16],
  [0, 0, 18]]]