[[[959]]]
+
[[[440],
  [340],
  [179]]]
+
[[[4],
  [1],
  [2],
  [15],
  [1],
  [3],
  [0],
  [5],
  [3],
  [2],
  [2],
  [0],
  [5],
  [0],
  [10],
  [14],
  [50],
  [27],
  [5],
  [0],
  [28],
  [0],
  [0],
  [1],
  [179],
  [13],
  [4],
  [7],
  [5],
  [5],
  [15],
  [23],
  [7],
  [4],
  [0]],

 [[10],
  [7],
  [6],
  [0],
  [3],
  [3],
  [2],
  [0],
  [3],
  [1],
  [3],
  [2],
  [5],
  [2],
  [2],
  [0],
  [29],
  [35],
  [0],
  [8],
  [1],
  [6],
  [3],
  [0],
  [142],
  [20],
  [1],
  [0],
  [11],
  [0],
  [0],
  [29],
  [0],
  [0],
  [6]],

 [[10],
  [0],
  [0],
  [5],
  [2],
  [2],
  [1],
  [7],
  [1],
  [2],
  [0],
  [2],
  [0],
  [4],
  [0],
  [1],
  [19],
  [28],
  [9],
  [0],
  [26],
  [3],
  [7],
  [5],
  [0],
  [0],
  [0],
  [12],
  [15],
  [0],
  [0],
  [14],
  [3],
  [0],
  [1]]]