[[[1355]]]
+
[[[350],
  [649],
  [356]]]
+
[[[43],
  [9],
  [4],
  [3],
  [16],
  [0],
  [0],
  [0],
  [3],
  [0],
  [12],
  [0],
  [11],
  [6],
  [4],
  [18],
  [19],
  [70],
  [9],
  [0],
  [20],
  [1],
  [27],
  [1],
  [12],
  [8],
  [2],
  [7],
  [13],
  [1],
  [14],
  [3],
  [0],
  [5],
  [9]],

 [[11],
  [0],
  [13],
  [1],
  [7],
  [6],
  [2],
  [22],
  [1],
  [8],
  [0],
  [0],
  [9],
  [6],
  [3],
  [5],
  [80],
  [13],
  [8],
  [1],
  [35],
  [11],
  [1],
  [14],
  [205],
  [23],
  [4],
  [14],
  [10],
  [6],
  [10],
  [101],
  [17],
  [1],
  [1]],

 [[14],
  [2],
  [0],
  [24],
  [0],
  [18],
  [0],
  [13],
  [3],
  [5],
  [3],
  [6],
  [11],
  [5],
  [5],
  [12],
  [67],
  [57],
  [8],
  [8],
  [19],
  [2],
  [0],
  [2],
  [31],
  [3],
  [0],
  [0],
  [5],
  [0],
  [6],
  [14],
  [2],
  [2],
  [9]]]