[[[1355]]]
+
[[[504],
  [474],
  [377]]]
+
[[[21],
  [3],
  [11],
  [8],
  [4],
  [0],
  [2],
  [3],
  [0],
  [0],
  [0],
  [0],
  [3],
  [4],
  [2],
  [1],
  [71],
  [30],
  [6],
  [0],
  [39],
  [13],
  [4],
  [16],
  [133],
  [9],
  [5],
  [13],
  [12],
  [0],
  [5],
  [77],
  [0],
  [7],
  [2]],

 [[33],
  [3],
  [6],
  [12],
  [16],
  [9],
  [0],
  [13],
  [0],
  [10],
  [13],
  [2],
  [16],
  [8],
  [8],
  [27],
  [77],
  [26],
  [12],
  [8],
  [29],
  [1],
  [16],
  [1],
  [58],
  [10],
  [1],
  [1],
  [16],
  [0],
  [0],
  [23],
  [12],
  [0],
  [7]],

 [[14],
  [5],
  [0],
  [8],
  [3],
  [15],
  [0],
  [19],
  [7],
  [3],
  [2],
  [4],
  [12],
  [5],
  [2],
  [7],
  [18],
  [84],
  [7],
  [1],
  [6],
  [0],
  [8],
  [0],
  [57],
  [15],
  [0],
  [7],
  [0],
  [7],
  [25],
  [18],
  [7],
  [1],
  [10]]]