[[[4, 48, 22],
  [63, 5, 45],
  [4, 149, 5],
  [9, 15, 6]],

 [[19, 23, 30],
  [23, 6, 0],
  [8, 24, 7],
  [13, 20, 12]],

 [[9, 4, 7],
  [5, 3, 19],
  [3, 17, 6],
  [53, 4, 54]],

 [[36, 6, 0],
  [26, 29, 32],
  [15, 37, 1],
  [10, 96, 58]],

 [[92, 73, 1],
  [71, 7, 7],
  [11, 7, 30],
  [4, 8, 5]],

 [[45, 6, 13],
  [46, 8, 26],
  [4, 31, 32],
  [3, 44, 21]],

 [[24, 39, 35],
  [7, 32, 34],
  [34, 24, 12],
  [17, 7, 0]]]
+
[[[6, 55, 12],
  [34, 1, 39],
  [55, 7, 56],
  [7, 0, 7],
  [8, 75, 22],
  [57, 39, 56]],

 [[140, 12, 38],
  [18, 10, 22],
  [4, 12, 16],
  [19, 11, 46],
  [13, 58, 17],
  [14, 39, 5]],

 [[36, 25, 31],
  [18, 2, 2],
  [3, 8, 42],
  [25, 77, 24],
  [11, 96, 4],
  [23, 11, 23]],

 [[9, 19, 3],
  [6, 45, 61],
  [36, 15, 46],
  [23, 2, 20],
  [98, 29, 8],
  [0, 4, 35]]]
+
[[[0, 0, 0],
  [10, 2, 18],
  [0, 0, 1],
  [0, 0, 7],
  [0, 0, 1],
  ...,
  [1, 5, 3],
  [0, 1, 0],
  [9, 3, 6],
  [1, 6, 3],
  [9, 1, 8]],

 [[0, 0, 0],
  [20, 13, 1],
  [0, 0, 0],
  [0, 0, 2],
  [0, 3, 0],
  ...,
  [5, 6, 1],
  [0, 0, 0],
  [8, 0, 2],
  [0, 0, 1],
  [4, 8, 0]],

 [[0, 1, 0],
  [16, 20, 3],
  [0, 1, 0],
  [0, 2, 0],
  [0, 0, 6],
  ...,
  [4, 1, 2],
  [1, 0, 2],
  [0, 7, 2],
  [0, 1, 0],
  [0, 3, 0]],

 [[0, 0, 0],
  [0, 9, 0],
  [0, 1, 0],
  [1, 4, 4],
  [8, 0, 3],
  ...,
  [2, 0, 4],
  [1, 1, 0],
  [2, 11, 4],
  [3, 4, 2],
  [2, 0, 5]],

 [[0, 0, 0],
  [1, 5, 16],
  [0, 0, 0],
  [0, 11, 8],
  [0, 0, 3],
  ...,
  [1, 2, 5],
  [0, 0, 1],
  [4, 28, 2],
  [0, 0, 4],
  [0, 0, 12]],

 [[0, 0, 0],
  [21, 6, 12],
  [1, 0, 0],
  [2, 2, 4],
  [0, 2, 5],
  ...,
  [1, 0, 2],
  [0, 2, 0],
  [2, 28, 5],
  [4, 2, 0],
  [5, 2, 5]]]